 0:
 1:
 2:
 3:
 4:
 5:
 6:
 7:
 8:
 9:
10:
11:
12:
13:****************************************************************************************************
14:
15:

 0:
 1:***
 2:***
 3:********
 4:***********
 5:*******
 6:************
 7:********
 8:****
 9:********
10:********
11:****
12:********
13:********
14:****
15:****

P2
25 10
15
13 13 13 13 13 13 13 13 13 13 13 13 13 13 13 13 13 13 13 13 13 13 13 13 13 
13 13 13 13 13 13 13 13 13 13 13 13 13 13 13 13 13 13 13 13 13 13 13 13 13 
13 13 13 13 13 13 13 13 13 13 13 13 13 13 13 13 13 13 13 13 13 13 13 13 13 
13 13 13 13 13 13 13 13 13 13 13 13 13 13 13 13 13 13 13 13 13 13 13 13 13 
13 13 13 13 13 13 13 13 13 13 13 13 13 13 13 13 13 13 13 13 13 13 13 13 13 
13 13 13 13 13 13 13 13 13 13 13 13 13 13 13 13 13 13 13 13 13 13 13 13 13 
13 13 13 13 13 13 13 13 13 13 13 13 13 13 13 13 13 13 13 13 13 13 13 13 13 
13 13 13 13 13 13 13 13 13 13 13 13 13 13 13 13 13 13 13 13 13 13 13 13 13 
13 13 13 13 13 13 13 13 13 13 13 13 13 13 13 13 13 13 13 13 13 13 13 13 13 
13 13 13 13 13 13 13 13 13 13 13 13 13 13 13 13 13 13 13 13 13 13 13 13 13 

P2
25 10
15
0 1 1 2 3 3 4 4 5 6 6 7 7 8 9 9 10 10 11 12 12 13 13 14 15 
1 1 1 2 3 3 4 4 5 6 6 7 7 8 9 9 10 10 11 12 12 13 13 14 15 
1 1 1 2 3 3 4 4 5 6 6 7 7 8 9 9 10 10 11 12 12 13 13 14 15 
2 2 2 2 3 3 4 4 5 6 6 7 7 8 9 9 10 10 11 12 12 13 13 14 15 
3 3 3 3 3 3 4 4 5 6 6 7 7 8 9 9 10 10 11 12 12 13 13 14 15 
3 3 3 3 3 3 4 4 5 6 6 7 7 8 9 9 10 10 11 12 12 13 13 14 15 
4 4 4 4 4 4 4 4 5 6 6 7 7 8 9 9 10 10 11 12 12 13 13 14 15 
4 4 4 4 4 4 4 4 5 6 6 7 7 8 9 9 10 10 11 12 12 13 13 14 15 
5 5 5 5 5 5 5 5 5 6 6 7 7 8 9 9 10 10 11 12 12 13 13 14 15 
